在一轮中：

两次投球后未能击倒全部10个球瓶(pin)，则本轮得分为击倒的球瓶数目。
全中(strike): 就不能再投第二次，本轮得分为10加上后两次投球击倒的球瓶数。
补中(spare): 本轮得分为10加上后续一次投球击倒的球瓶数。

1.全部没有击倒球： 0,0,0,0,0,0,0,0,0,0,0,0,0,0,0,0,0,0,0,0 总分为 0
given：0,0,0,0,0,0,0,0,0,0,0,0,0,0,0,0,0,0,0,0
when: calculate
then: return 0
2.10，10，10，10，10，10，10，10，10，10，10，10 总分为 300
given: 10，10，10，10，10，10，10，10，10，10，10，10
when: calculate
then: return 300
3.5,5,5,5,5,5,5,5,5,5,5,5,5,5,5,5,5,5,5,5,5 总分为150
given: 5,5,5,5,5,5,5,5,5,5,5,5,5,5,5,5,5,5,5,5,5
when: calculate
then: return 150
4.10,2,3,5,5,10,2,3,5,5,10,2,3,5,5,7,2 总分为 126
given: 10,2,3,5,5,10,2,3,5,5,10,2,3,5,5,7,2
when: calculate
then: return 126
5.9,0,9,0,9,0,9,0,9,0,9,0,9,0,9,0,9,0,9,0 总分为90
given: 9,0,9,0,9,0,9,0,9,0,9,0,9,0,9,0,9,0,9,0
when: calculate
then: return 90
6.10,7,3,9,0,10,0,8,8,2,0,6,10,10,10,8,1
given: 10,7,3,9,0,10,0,8,8,2,0,6,10,10,10,8,1
when: calculate
then: return 167
